Z
1111111111111111
1111111111111111
1111111111111111
0000000000011110
0000000000111000
0000000001110000
0000000011100000
0000000111000000
0000011111000000
0000111110000000
0001111100000000
0011110000000000
0111100000000111
0111111111111111
1111111111111111
1111111111111111
==========
Y
1100000000000011
1110000000000111
0111000000001110
0111100000111100
0011111000111000
0001111111100000
0000111111000000
0000011111000000
0000111110000000
0000111100000000
0001110000000000
0011110000000000
0111100000000000
1111000000000000
1111000000000000
1110000000000000
==========
O
0001111111000000
0011111111110000
0011000011111000
0110000000011110
0110000000001111
1110000000000111
1110000000000111
1100000000000111
1100000000000111
1100000000000111
1100000000000111
1100000000000111
1100000000001111
1111000000111110
1111110011111000
0111111111110000
==========
G
0001111111110000
0001111110000000
0111100000000000
0110000000000000
1110000000000000
1110000000000000
1100001111000000
1100001111111110
1100001110011110
1100001111111100
1100000000001100
1100000000011100
1110000000011100
1111000000111100
0011111011111000
0000111111110000
==========
C
0001111111111100
0111111111111100
0111111000000000
1111100000000000
1111000000000000
1111000000000000
1110000000000000
1100000000000000
1100000000000000
1100000000000000
1110000000000000
1111000000000000
0111000000000000
0011110000000000
0011111111111000
0001111111111000
==========
F
1111111111111111
1111111111111111
1111111111111111
1110000000000000
1110000000000000
1110000000000000
1111111111100000
1111111111100000
1111111111100000
1111111111100000
1110000000000000
1110000000000000
1110000000000000
1110000000000000
1110000000000000
1110000000000000
==========