O
0011111111100000
0111100001111000
1111000001111110
1110000000011111
1100000000001101
1000000000000111
1000000000000011
1000000000000011
1000000000000011
1000000000000011
1100000000000011
1100000000001111
1111000000011110
0111100000011100
0001111000111000
0000111111100000
==========
Z
1111111111111111
1111111111111111
0000000000111110
0000000000111000
0000000001111000
0000000011110000
0000000111100000
0000001111000000
0000011110000000
0000111100000000
0001111000000000
0001110000000000
0011110000000000
0111111111111111
1111111111111111
1111111111111111
==========
X
1000000000000111
1110000000001100
0111000000011000
0111100000110000
0011110001100000
0000111011100000
0000011111000000
0000001110000000
0000111111100000
0001111001110000
0011110001111000
0011100000111100
0111000000001110
1110000000000110
1110000000000011
1100000000000001
==========
F
1111111111111111
1111111111111111
1111111111111111
1110000000000000
1110000000000000
1110000000000000
1110000000000000
1111111111100000
1111111111100000
1111111111100000
1110000000000000
1110000000000000
1110000000000000
1110000000000000
1110000000000000
1110000000000000
==========
C
0001111111110000
0011111111111000
0111100000111000
1110000000001100
1100000000001000
1100000000000000
1100000000000000
1100000000000000
1100000000000000
1100000000000000
1110000000000000
0110000000000100
0011000000001100
0001000000001000
0001110000111000
0000111111110000
==========
G
0001111111110000
0011111111111000
0111100000111000
1110000000001100
1100000000001000
1100000000000000
1100000000000000
1100000000000000
1100011111110000
1100011111111000
1110000000011000
0110000000111100
0011000001111100
0001000001001000
0001110000111000
0000111111110000
==========
P
1111111100000000
1000000111000000
1000000001100000
1000000000110000
1000000000110000
1000000000100000
1000000001100000
1000000111000000
1111111000000000
1000000000000000
1000000000000000
1000000000000000
1000000000000000
1000000000000000
1000000000000000
0000000000000000
==========
A
0000000010000000
0000000111000000
0000001101000000
0000001000100000
0000001000010000
0000010000011000
0000110000001000
0000100000001100
0011111111111110
0011000000000100
0010000000000010
0110000000000010
0100000000000010
1000000000000011
1000000000000001
0000000000000001
==========
A
0000000010000000
0000000111000000
0000001101000000
0000001000100000
0000001000010000
0000010000011000
0000110000001000
0000100000001100
0011111111111110
0011000000000100
0010000000000010
0110000000000010
0100000000000010
1000000000000011
1000000000000001
0000000000000001
==========
B
1111111111100000
1000000000110000
1000000000010000
1000000000010000
1000000000010000
1000000001110000
1111111111100000
1000000000110000
1000000000011000
1000000000001100
1000000000000100
1000000000001100
1000000000011000
1000000001110000
1001111111000000
1111000000000000
==========
D
0000000000000000
0011100000000000
0000111100000000
0001000110000000
0001000001100000
0001000000110000
0001000000010000
0001000000011000
0001000000001000
0001000000001000
0001000000001000
0001000000001000
0011100000001000
0000111100110000
0000000011100000
0000000000000000
==========
D
0000000000000000
0011100000000000
0000111100000000
0001000110000000
0001000001100000
0001000000110000
0001000000010000
0001000000011000
0001000000001000
0001000000001000
0001000000001000
0001000000001000
0011100000001000
0000111100110000
0000000011100000
0000000000000000
==========
H
1111000111000000
1111000111000000
1111100111000000
1111000111000000
1111000111000000
1111000111000000
1111000111000000
1111111111000000
1111111111000000
1111111111000000
1111111111000000
1111001111100000
1111001111100000
1111001111100000
1111001111000000
1110001111100000
==========
H
1111000111000000
1111000111000000
1111100111000000
1111000111000000
1111000111000000
1111000111000000
1111000111000000
1111111111000000
1111111111000000
1111111111000000
1111111111000000
1111001111100000
1111001111100000
1111001111100000
1111001111000000
1110001111100000
==========
N
1000000000000100
1110000000000100
1111000000001100
1111100000001100
1110100000001100
1101110000001100
1101110000001100
1100111000001100
1100011100001100
1100001110001100
1100000110001110
1100000011001110
1100000011101110
1100000001111110
0100000001111110
1100000000111100
==========